mapSize(32, 20, 40, 50)
imageFilename("images/tiles6_gapped.png")
start{x=9,y=18}
loadTiles{
  {0,0,0,0,0,0,0,0,0,0,0,0,0,0,0,0,8,14,14,14},
  {0,0,0,0,0,0,0,0,0,0,0,0,0,0,0,0,9,15,14,14},
  {0,0,0,0,0,0,0,0,0,0,0,0,0,0,0,0,0,0,8,14},
  {0,0,0,0,0,0,0,0,0,0,0,0,0,0,0,0,0,0,8,14},
  {0,0,0,0,0,0,0,0,0,0,0,0,0,0,0,0,0,0,8,14},
  {0,0,0,0,0,0,0,0,0,0,0,0,0,0,0,0,0,0,8,14},
  {0,0,0,0,0,0,0,0,0,0,0,0,0,0,0,0,0,0,8,14},
  {0,0,0,0,0,0,0,0,0,0,0,0,0,0,0,0,0,0,8,14},
  {0,0,0,0,0,0,0,0,0,0,0,0,0,0,0,0,0,0,8,14},
  {0,0,0,0,0,0,0,0,0,0,0,0,0,0,0,0,0,0,8,14},
  {0,0,0,0,0,0,0,0,0,0,0,0,0,0,0,0,0,0,8,14},
  {0,0,0,0,0,0,0,0,0,0,0,0,0,0,0,0,0,0,8,14},
  {0,0,0,0,0,0,0,0,0,0,0,0,0,0,0,0,0,0,8,14},
  {0,0,0,0,0,0,0,0,0,0,0,0,0,0,0,0,0,0,8,14},
  {0,0,0,0,0,0,0,0,0,0,0,0,0,0,0,0,0,0,8,14},
  {0,0,0,0,0,0,0,0,0,0,0,0,0,0,0,0,0,0,8,14},
  {0,0,0,0,0,0,0,0,0,0,0,0,0,0,0,0,0,0,8,14},
  {0,0,0,0,0,0,0,0,0,0,0,0,0,0,0,0,0,0,8,14},
  {0,0,0,0,0,0,0,0,0,0,0,0,0,0,0,0,0,64,8,14},
  {0,0,0,0,0,0,0,0,0,0,0,0,0,0,0,0,0,0,8,14},
  {0,0,0,0,0,0,0,0,0,0,0,0,0,0,0,0,0,0,8,14},
  {0,0,0,0,0,0,0,0,0,0,0,0,0,0,0,0,0,0,8,14},
  {0,0,0,0,0,0,0,0,0,0,0,0,0,0,0,0,0,0,8,14},
  {0,0,0,0,0,0,0,0,0,0,0,0,0,0,0,0,0,0,8,14},
  {0,0,0,0,0,0,0,0,0,0,0,0,0,0,0,0,0,0,8,14},
  {0,0,0,0,0,0,0,0,0,0,0,0,0,0,0,0,0,0,8,14},
  {0,0,0,0,0,0,0,0,0,0,0,0,0,0,0,0,0,0,8,14},
  {0,0,0,0,0,0,0,0,0,0,0,0,0,0,0,0,0,0,8,14},
  {0,0,0,0,0,0,0,0,0,0,0,0,0,0,0,0,0,0,8,14},
  {0,0,0,0,0,0,0,0,0,0,0,0,0,0,0,0,0,0,8,14},
  {0,0,0,0,0,0,0,0,0,0,0,0,0,0,0,0,7,13,14,14},
  {0,0,0,0,0,0,0,0,0,0,0,0,0,0,0,0,8,14,14,14}
}
loadCollision{
  {0,0,0,0,0,0,0,0,0,0,0,0,0,0,0,0,1,1,1,1},
  {0,0,0,0,0,0,0,0,0,0,0,0,0,0,0,0,1,1,1,1},
  {0,0,0,0,0,0,0,0,0,0,0,0,0,0,0,0,0,0,1,1},
  {0,0,0,0,0,0,0,0,0,0,0,0,0,0,0,0,0,0,1,1},
  {0,0,0,0,0,0,0,0,0,0,0,0,0,0,0,0,0,0,1,1},
  {0,0,0,0,0,0,0,0,0,0,0,0,0,0,0,0,0,0,1,1},
  {0,0,0,0,0,0,0,0,0,0,0,0,0,0,0,0,0,0,1,1},
  {0,0,0,0,0,0,0,0,0,0,0,0,0,0,0,0,0,0,1,1},
  {0,0,0,0,0,0,0,0,0,0,0,0,0,0,0,0,0,0,1,1},
  {0,0,0,0,0,0,0,0,0,0,0,0,0,0,0,0,0,0,1,1},
  {0,0,0,0,0,0,0,0,0,0,0,0,0,0,0,0,0,0,1,1},
  {0,0,0,0,0,0,0,0,0,0,0,0,0,0,0,0,0,0,1,1},
  {0,0,0,0,0,0,0,0,0,0,0,0,0,0,0,0,0,0,1,1},
  {0,0,0,0,0,0,0,0,0,0,0,0,0,0,0,0,0,0,1,1},
  {0,0,0,0,0,0,0,0,0,0,0,0,0,0,0,0,0,0,1,1},
  {0,0,0,0,0,0,0,0,0,0,0,0,0,0,0,0,0,0,1,1},
  {0,0,0,0,0,0,0,0,0,0,0,0,0,0,0,0,0,0,1,1},
  {0,0,0,0,0,0,0,0,0,0,0,0,0,0,0,0,0,0,1,1},
  {0,0,0,0,0,0,0,0,0,0,0,0,0,0,0,0,0,0,1,1},
  {0,0,0,0,0,0,0,0,0,0,0,0,0,0,0,0,0,0,1,1},
  {0,0,0,0,0,0,0,0,0,0,0,0,0,0,0,0,0,0,1,1},
  {0,0,0,0,0,0,0,0,0,0,0,0,0,0,0,0,0,0,1,1},
  {0,0,0,0,0,0,0,0,0,0,0,0,0,0,0,0,0,0,1,1},
  {0,0,0,0,0,0,0,0,0,0,0,0,0,0,0,0,0,0,1,1},
  {0,0,0,0,0,0,0,0,0,0,0,0,0,0,0,0,0,0,1,1},
  {0,0,0,0,0,0,0,0,0,0,0,0,0,0,0,0,0,0,1,1},
  {0,0,0,0,0,0,0,0,0,0,0,0,0,0,0,0,0,0,1,1},
  {0,0,0,0,0,0,0,0,0,0,0,0,0,0,0,0,0,0,1,1},
  {0,0,0,0,0,0,0,0,0,0,0,0,0,0,0,0,0,0,1,1},
  {0,0,0,0,0,0,0,0,0,0,0,0,0,0,0,0,0,0,1,1},
  {0,0,0,0,0,0,0,0,0,0,0,0,0,0,0,0,1,1,1,1},
  {0,0,0,0,0,0,0,0,0,0,0,0,0,0,0,0,1,1,1,1}
}