mapSize(32, 20, 40, 50)
imageFilename("tiles6_gapped.png")
start{x=3,y=19}
loadTiles{
  {0,0,0,0,0,0,0,0,0,0,0,0,0,0,0,0,0,0,0,8},
  {0,0,0,0,0,0,0,0,0,0,0,0,0,0,0,4,0,0,0,8},
  {0,0,0,0,0,0,0,0,0,0,0,0,0,0,0,11,0,0,0,8},
  {0,0,0,0,0,0,55,0,0,0,0,0,0,0,0,6,0,0,0,8},
  {0,0,0,0,0,0,0,0,0,0,0,0,0,0,0,0,0,0,0,8},
  {0,0,0,0,0,0,0,0,0,0,0,0,0,0,0,0,0,0,0,8},
  {0,0,0,0,0,0,0,0,0,0,0,0,0,0,0,0,0,0,0,8},
  {0,0,0,0,0,0,0,0,0,0,0,0,0,0,0,0,0,0,0,8},
  {0,0,0,0,0,0,0,0,0,0,0,0,0,0,0,0,0,0,0,8},
  {0,0,0,0,0,0,0,0,0,0,0,0,0,0,0,0,0,0,0,8},
  {0,0,0,0,0,0,0,0,0,0,0,0,0,0,0,0,0,0,0,8},
  {0,0,0,0,0,0,0,0,0,0,0,0,0,0,0,0,7,19,0,8},
  {0,0,0,0,0,0,0,0,0,0,0,0,0,0,0,0,9,21,0,8},
  {0,0,0,0,0,0,0,0,0,0,0,0,0,0,0,0,0,0,0,9},
  {0,0,0,0,0,0,0,0,0,0,0,0,0,0,0,0,0,0,0,0},
  {0,0,0,0,0,0,0,0,0,0,0,0,0,0,0,0,0,0,0,0},
  {0,0,0,0,0,0,0,0,0,0,0,0,0,7,22,0,0,0,0,0},
  {0,0,0,0,0,0,0,0,0,0,0,0,0,3,0,0,0,0,0,0},
  {0,0,0,0,0,0,0,0,0,0,0,0,0,0,0,0,0,0,0,0},
  {0,0,0,0,0,0,0,0,0,0,0,0,0,0,0,0,0,0,0,0},
  {0,0,0,0,0,0,0,0,0,0,0,0,0,0,0,0,0,0,0,0},
  {0,0,0,0,0,0,0,0,0,0,1,0,0,0,0,0,0,0,0,0},
  {0,0,0,0,0,0,0,0,0,0,3,0,0,0,0,0,0,0,0,0},
  {0,0,0,0,0,0,0,0,0,0,0,0,0,0,0,0,0,0,0,0},
  {0,0,0,0,0,0,0,0,0,0,0,0,0,0,0,0,0,0,0,0},
  {0,0,0,0,0,0,0,0,0,0,0,0,0,0,0,0,0,0,0,0},
  {0,0,0,0,0,0,0,4,0,0,0,0,0,0,0,0,0,0,0,0},
  {0,0,0,0,0,0,0,0,0,0,0,0,0,0,0,0,0,0,0,0},
  {0,0,0,0,5,0,0,0,0,0,0,0,0,0,0,0,0,0,0,0},
  {0,0,0,48,12,0,0,0,0,0,0,0,0,0,0,0,0,0,0,0},
  {0,0,0,0,4,0,0,0,0,0,0,0,0,0,0,0,0,0,0,0},
  {0,0,0,0,0,0,0,0,0,0,0,0,0,0,0,0,0,0,0,0}
}
loadCollision{
  {0,0,0,0,0,0,0,0,0,0,0,0,0,0,0,0,0,0,0,1},
  {0,0,0,0,0,0,0,0,0,0,0,0,0,0,0,1,0,0,0,1},
  {0,0,0,0,0,0,0,0,0,0,0,0,0,0,0,2,0,0,0,1},
  {0,0,0,0,0,0,0,0,0,0,0,0,0,0,0,2,0,0,0,1},
  {0,0,0,0,0,0,0,0,0,0,0,0,0,0,0,0,0,0,0,1},
  {0,0,0,0,0,0,0,0,0,0,0,0,0,0,0,0,0,0,0,1},
  {0,0,0,0,0,0,0,0,0,0,0,0,0,0,0,0,0,0,0,1},
  {0,0,0,0,0,0,0,0,0,0,0,0,0,0,0,0,0,0,0,1},
  {0,0,0,0,0,0,0,0,0,0,0,0,0,0,0,0,0,0,0,1},
  {0,0,0,0,0,0,0,0,0,0,0,0,0,0,0,0,0,0,0,1},
  {0,0,0,0,0,0,0,0,0,0,0,0,0,0,0,0,0,0,0,1},
  {0,0,0,0,0,0,0,0,0,0,0,0,0,0,0,0,1,1,0,1},
  {0,0,0,0,0,0,0,0,0,0,0,0,0,0,0,0,1,1,0,1},
  {0,0,0,0,0,0,0,0,0,0,0,0,0,0,0,0,0,0,0,1},
  {0,0,0,0,0,0,0,0,0,0,0,0,0,0,0,0,0,0,0,0},
  {0,0,0,0,0,0,0,0,0,0,0,0,0,0,0,0,0,0,0,0},
  {0,0,0,0,0,0,0,0,0,0,0,0,0,1,1,0,0,0,0,0},
  {0,0,0,0,0,0,0,0,0,0,0,0,0,1,0,0,0,0,0,0},
  {0,0,0,0,0,0,0,0,0,0,0,0,0,0,0,0,0,0,0,0},
  {0,0,0,0,0,0,0,0,0,0,0,0,0,0,0,0,0,0,0,0},
  {0,0,0,0,0,0,0,0,0,0,0,0,0,0,0,0,0,0,0,0},
  {0,0,0,0,0,0,0,0,0,0,1,0,0,0,0,0,0,0,0,0},
  {0,0,0,0,0,0,0,0,0,0,1,0,0,0,0,0,0,0,0,0},
  {0,0,0,0,0,0,0,0,0,0,0,0,0,0,0,0,0,0,0,0},
  {0,0,0,0,0,0,0,0,0,0,0,0,0,0,0,0,0,0,0,0},
  {0,0,0,0,0,0,0,0,0,0,0,0,0,0,0,0,0,0,0,0},
  {0,0,0,0,0,0,0,1,0,0,0,0,0,0,0,0,0,0,0,0},
  {0,0,0,0,0,0,0,0,0,0,0,0,0,0,0,0,0,0,0,0},
  {0,0,0,0,2,0,0,0,0,0,0,0,0,0,0,0,0,0,0,0},
  {0,0,0,0,2,0,0,0,0,0,0,0,0,0,0,0,0,0,0,0},
  {0,0,0,0,1,0,0,0,0,0,0,0,0,0,0,0,0,0,0,0},
  {0,0,0,0,0,0,0,0,0,0,0,0,0,0,0,0,0,0,0,0}
}