mapSize(32, 20)
start{x=6,y=18}
loadBG{
  {0,0,0,0,0,0,0,0,0,0,0,0,0,0,0,0,0,0,0,0},
  {0,0,0,0,0,0,0,0,0,0,0,0,0,0,0,0,0,0,0,0},
  {0,0,0,0,0,0,0,0,0,0,0,0,0,0,0,0,0,0,0,0},
  {0,0,0,0,0,0,0,0,0,0,0,0,0,0,0,0,0,0,0,0},
  {0,0,0,0,0,0,0,0,0,0,0,0,0,0,0,0,0,0,0,0},
  {0,0,0,0,0,0,0,0,0,0,0,0,0,0,0,0,0,0,0,0},
  {0,0,0,0,0,0,0,0,0,0,0,0,0,0,0,0,0,0,0,0},
  {0,0,0,0,0,0,0,0,0,0,0,0,0,0,0,0,0,0,0,0},
  {0,0,0,0,0,0,0,0,0,0,0,0,0,0,0,0,0,0,0,0},
  {0,0,0,0,0,0,0,0,0,0,0,0,0,0,0,0,0,0,0,0},
  {0,0,0,0,0,0,0,0,0,0,0,0,0,0,0,0,0,0,0,0},
  {0,0,0,0,0,0,0,0,0,0,0,0,0,0,0,0,0,0,0,0},
  {0,0,0,0,0,0,0,0,0,0,0,0,0,0,0,0,0,0,0,0},
  {0,0,0,0,0,0,0,0,0,0,0,0,0,0,0,0,0,0,0,0},
  {0,0,0,0,0,0,0,0,0,0,0,0,0,0,0,0,0,0,0,0},
  {0,0,0,0,0,0,0,0,0,0,0,0,0,0,0,0,0,0,0,0},
  {0,0,0,0,0,0,0,0,0,0,0,0,0,0,0,0,0,0,0,0},
  {0,0,0,0,0,0,0,0,0,0,0,0,0,0,0,0,0,0,0,0},
  {0,0,0,0,0,0,0,0,0,0,0,0,0,0,0,0,0,0,0,0},
  {0,0,0,0,0,0,0,0,0,0,0,0,0,0,0,0,0,0,0,0},
  {0,0,0,0,0,0,0,0,0,0,0,0,0,0,0,0,0,0,0,0},
  {0,0,0,0,0,0,0,0,0,0,0,0,0,0,0,0,0,0,0,0},
  {0,0,0,0,0,0,0,0,0,0,0,0,0,0,0,0,0,0,0,0},
  {0,0,0,0,0,0,0,0,0,0,0,0,0,0,0,0,0,0,0,0},
  {0,0,0,0,0,0,0,0,0,0,0,0,0,0,0,0,0,0,0,0},
  {0,0,0,0,0,0,0,0,0,0,0,0,0,0,0,0,0,0,0,0},
  {0,0,0,0,0,0,0,0,0,0,0,0,0,0,0,0,0,0,0,0},
  {0,0,0,0,0,0,0,0,0,0,0,0,0,0,0,0,0,0,0,0},
  {0,0,0,0,0,0,0,0,0,0,0,0,0,0,0,0,0,0,0,0},
  {0,0,0,0,0,0,0,0,0,0,0,0,0,0,0,0,0,0,0,0},
  {0,0,0,0,0,0,0,0,0,0,0,0,0,0,0,0,0,0,0,0},
  {0,0,0,0,0,0,0,0,0,0,0,0,0,0,0,0,0,0,0,0}
}
loadFG{
  {0,0,0,0,0,0,0,0,0,0,0,0,0,0,0,0,0,0,0,0},
  {0,0,0,0,0,0,0,0,0,0,0,0,0,0,0,0,0,0,0,0},
  {0,0,0,0,0,0,0,0,0,0,0,0,0,0,0,0,0,0,0,0},
  {0,0,0,0,0,0,0,0,0,0,0,0,0,0,0,0,0,0,0,0},
  {0,0,0,0,0,0,0,0,0,0,0,0,0,0,0,0,0,0,0,0},
  {0,0,0,0,0,0,0,0,0,0,0,0,0,0,0,0,0,0,0,0},
  {0,0,0,0,0,0,0,0,0,0,0,0,0,0,0,0,0,0,0,0},
  {0,0,0,0,0,0,0,0,0,0,0,0,0,0,0,0,0,0,0,0},
  {0,0,0,0,0,0,0,0,0,0,0,0,0,0,0,0,0,0,0,0},
  {0,0,0,0,0,0,0,0,0,0,0,0,0,0,0,0,0,0,0,0},
  {0,0,0,0,0,0,0,0,0,0,0,0,0,0,0,0,0,0,0,0},
  {0,0,0,0,0,0,0,0,0,0,0,0,0,0,0,0,0,0,0,0},
  {0,0,0,0,0,0,0,0,0,0,0,0,0,0,0,0,0,0,0,0},
  {0,0,0,0,0,0,0,0,0,0,0,0,0,0,0,0,0,0,0,0},
  {0,0,0,0,0,0,0,0,0,0,0,0,0,0,0,0,0,0,0,0},
  {0,0,0,0,0,0,0,0,0,0,0,0,0,0,0,0,0,0,0,0},
  {0,0,0,0,0,0,0,0,0,0,0,0,0,0,0,0,0,0,0,0},
  {0,0,0,0,0,0,0,0,0,0,0,0,0,0,0,0,0,0,0,0},
  {0,0,0,0,0,0,0,0,0,0,0,0,0,0,0,0,0,0,0,0},
  {0,0,0,0,0,0,0,0,0,0,0,0,0,0,0,0,0,0,0,0},
  {0,0,0,0,0,0,0,0,0,0,0,0,0,0,0,0,0,0,0,0},
  {0,0,0,0,0,0,0,0,0,0,0,0,0,0,0,0,0,0,0,0},
  {0,0,0,0,0,0,0,0,0,0,0,0,0,0,0,0,0,0,0,0},
  {0,0,0,0,0,0,0,0,0,0,0,0,0,0,0,0,0,0,0,0},
  {0,0,0,0,0,0,0,0,0,0,0,0,0,0,0,0,0,0,0,0},
  {0,0,0,0,0,0,0,0,0,0,0,0,0,0,0,0,0,0,0,0},
  {0,0,0,0,0,0,0,0,0,0,0,0,0,0,0,0,0,0,0,0},
  {0,0,0,0,0,0,0,0,0,0,0,0,0,0,0,0,0,0,0,0},
  {0,0,0,0,0,0,0,0,0,0,0,0,0,0,0,0,0,0,0,0},
  {0,0,0,0,0,0,0,0,0,0,0,0,0,0,0,0,0,0,0,0},
  {0,0,0,0,0,0,0,0,0,0,0,0,0,0,0,0,0,0,0,0},
  {0,0,0,0,0,0,0,0,0,0,0,0,0,0,0,0,0,0,0,0}
}
loadOBJ{
  {0,0,0,0,0,0,0,0,0,0,0,0,0,0,0,0,0,0,0,0},
  {0,0,0,0,0,0,0,0,0,0,0,0,0,0,0,0,0,0,0,0},
  {0,0,0,0,0,0,0,0,0,0,0,0,0,0,0,0,0,0,0,0},
  {0,0,0,0,0,0,0,0,0,0,0,0,0,0,0,0,0,0,0,0},
  {0,0,0,0,0,0,0,0,0,0,0,0,0,0,0,0,0,0,0,0},
  {0,0,0,0,0,0,0,0,0,0,0,0,0,0,0,0,0,0,0,0},
  {0,0,0,0,0,0,0,0,0,0,0,0,0,0,0,0,0,0,0,0},
  {0,0,0,0,0,0,0,0,0,0,0,0,0,0,0,0,0,0,0,0},
  {0,0,0,0,0,0,0,0,0,0,0,0,0,0,0,0,0,5,0,0},
  {0,0,0,0,0,0,0,0,0,0,0,0,0,0,0,0,0,0,0,0},
  {0,0,0,0,0,0,0,0,0,0,0,0,0,0,0,0,0,0,0,0},
  {0,0,0,0,0,0,0,0,0,0,0,0,0,0,0,0,0,0,0,0},
  {0,0,0,0,0,0,0,0,0,0,0,0,0,0,0,0,0,0,0,0},
  {0,0,0,0,0,0,0,0,0,0,0,0,0,0,0,0,0,0,0,0},
  {0,0,0,0,0,0,0,0,0,0,0,0,0,0,0,0,0,0,0,0},
  {0,0,0,0,0,0,0,0,0,0,0,0,0,0,0,0,0,0,0,0},
  {0,0,0,0,0,0,0,0,0,0,0,0,0,0,0,0,0,0,0,0},
  {0,0,0,0,0,0,0,0,0,0,0,0,0,0,0,0,0,0,0,0},
  {0,0,0,0,0,0,0,0,0,0,0,0,0,0,0,0,0,0,0,0},
  {0,0,0,0,0,0,0,0,0,0,0,0,0,0,0,0,0,0,0,0},
  {0,0,0,0,0,0,0,0,0,0,0,0,0,0,0,0,0,0,0,0},
  {0,0,0,0,0,0,0,0,0,0,0,0,0,0,0,0,0,0,0,0},
  {0,0,0,0,0,0,0,0,0,0,0,0,0,0,0,0,0,0,0,0},
  {0,0,0,0,0,0,0,0,0,0,0,0,0,0,0,0,0,0,0,0},
  {0,0,0,0,0,0,0,0,0,0,0,0,0,0,0,0,0,0,0,0},
  {0,0,0,0,0,0,0,0,0,2,0,0,0,0,0,0,0,0,0,0},
  {0,0,0,0,0,0,0,0,0,0,0,0,0,0,0,0,0,0,0,0},
  {0,0,0,0,0,0,14,0,0,0,0,0,0,0,0,0,0,0,0,0},
  {0,0,0,0,0,0,0,0,0,0,0,0,0,0,0,0,0,0,0,0},
  {0,0,0,0,0,0,0,0,0,0,0,0,0,0,0,0,0,0,0,0},
  {0,0,0,0,0,0,0,0,0,0,0,0,0,0,0,0,0,0,0,0},
  {0,0,0,0,0,0,0,0,0,0,0,0,0,0,0,0,0,0,0,0}
}
loadWall{
  {0,0,0,0,0,0,0,0,0,0,0,0,0,0,0,0,0,0,10,18},
  {0,0,0,0,0,0,0,0,0,0,0,0,0,0,0,0,0,0,10,18},
  {0,0,0,0,0,0,0,0,0,0,0,0,0,0,0,0,0,0,10,18},
  {0,0,0,0,0,0,0,0,0,0,0,0,0,0,0,0,0,0,10,18},
  {0,0,0,0,0,0,0,0,0,0,0,0,0,0,0,0,0,0,10,18},
  {0,0,0,0,0,0,0,0,0,0,0,0,0,0,0,0,0,0,10,18},
  {0,0,0,0,0,0,0,0,0,0,0,0,0,0,0,0,0,0,10,18},
  {0,0,0,0,0,0,0,0,0,0,0,0,0,0,0,0,0,0,10,18},
  {0,0,0,0,0,0,0,0,0,0,0,0,0,0,0,0,0,0,10,18},
  {0,0,0,0,0,0,0,0,0,0,0,0,0,0,0,0,0,0,10,18},
  {0,0,0,0,0,0,0,0,9,25,0,0,0,0,0,0,0,0,10,18},
  {0,0,0,0,0,0,0,0,10,26,0,0,0,0,0,0,0,0,10,18},
  {0,0,0,0,0,0,0,0,11,27,0,0,0,0,0,0,0,0,10,18},
  {0,0,0,0,0,0,0,0,0,0,0,0,0,0,0,0,0,0,10,18},
  {0,0,0,0,0,0,0,0,0,0,0,0,0,0,0,0,0,0,10,18},
  {0,0,0,0,0,0,0,0,0,0,0,0,0,0,0,0,0,0,10,18},
  {0,0,0,0,0,0,0,0,0,0,0,0,0,0,0,0,0,0,10,18},
  {0,0,0,0,0,0,0,0,0,0,0,0,0,0,0,0,0,0,10,18},
  {0,0,0,0,0,0,0,0,0,0,0,0,0,0,0,0,0,0,10,18},
  {0,0,0,0,0,0,0,0,0,0,0,0,0,0,0,0,0,0,10,18},
  {0,0,0,0,0,0,0,0,0,0,0,0,0,0,0,0,0,0,10,18},
  {0,0,0,0,0,0,0,0,0,0,1,0,0,0,0,0,0,0,10,18},
  {0,0,0,0,0,0,0,0,0,0,2,0,0,0,0,0,0,0,10,18},
  {0,0,0,0,0,0,0,0,0,0,2,0,0,0,0,0,0,0,10,18},
  {0,0,0,0,0,0,0,0,0,0,2,0,0,0,0,0,0,0,10,18},
  {0,0,0,0,0,0,0,0,0,0,2,0,0,0,0,0,0,0,10,18},
  {0,0,0,0,0,0,0,0,0,0,2,0,0,0,0,0,0,0,10,18},
  {0,0,0,0,0,0,0,12,20,20,27,0,0,0,0,0,0,0,10,18},
  {0,0,0,0,0,0,0,0,0,0,0,0,0,0,0,0,0,0,10,18},
  {0,0,0,0,0,0,0,0,0,0,0,0,0,0,0,0,0,0,10,18},
  {0,0,0,0,0,0,0,0,0,0,0,0,0,0,0,0,0,0,10,18},
  {0,0,0,0,0,0,0,0,0,0,0,0,0,0,0,0,0,0,10,18}
}
loadCollision{
  {0,0,0,0,0,0,0,0,0,0,0,0,0,0,0,0,0,0,1,1},
  {0,0,0,0,0,0,0,0,0,0,0,0,0,0,0,0,0,0,1,1},
  {0,0,0,0,0,0,0,0,0,0,0,0,0,0,0,0,0,0,1,1},
  {0,0,0,0,0,0,0,0,0,0,0,0,0,0,0,0,0,0,1,1},
  {0,0,0,0,0,0,0,0,0,0,0,0,0,0,0,0,0,0,1,1},
  {0,0,0,0,0,0,0,0,0,0,0,0,0,0,0,0,0,0,1,1},
  {0,0,0,0,0,0,0,0,0,0,0,0,0,0,0,0,0,0,1,1},
  {0,0,0,0,0,0,0,0,0,0,0,0,0,0,0,0,0,0,1,1},
  {0,0,0,0,0,0,0,0,0,0,0,0,0,0,0,0,0,0,1,1},
  {0,0,0,0,0,0,0,0,0,0,0,0,0,0,0,0,0,0,1,1},
  {0,0,0,0,0,0,0,0,1,1,0,0,0,0,0,0,0,0,1,1},
  {0,0,0,0,0,0,0,0,1,1,0,0,0,0,0,0,0,0,1,1},
  {0,0,0,0,0,0,0,0,1,1,0,0,0,0,0,0,0,0,1,1},
  {0,0,0,0,0,0,0,0,0,0,0,0,0,0,0,0,0,0,1,1},
  {0,0,0,0,0,0,0,0,0,0,0,0,0,0,0,0,0,0,1,1},
  {0,0,0,0,0,0,0,0,0,0,0,0,0,0,0,0,0,0,1,1},
  {0,0,0,0,0,0,0,0,0,0,0,0,0,0,0,0,0,0,1,1},
  {0,0,0,0,0,0,0,0,0,0,0,0,0,0,0,0,0,0,1,1},
  {0,0,0,0,0,0,0,0,0,0,0,0,0,0,0,0,0,0,1,1},
  {0,0,0,0,0,0,0,0,0,0,0,0,0,0,0,0,0,0,1,1},
  {0,0,0,0,0,0,0,0,0,0,0,0,0,0,0,0,0,0,1,1},
  {0,0,0,0,0,0,0,0,0,0,1,0,0,0,0,0,0,0,1,1},
  {0,0,0,0,0,0,0,0,0,0,1,0,0,0,0,0,0,0,1,1},
  {0,0,0,0,0,0,0,0,0,0,1,0,0,0,0,0,0,0,1,1},
  {0,0,0,0,0,0,0,0,0,0,1,0,0,0,0,0,0,0,1,1},
  {0,0,0,0,0,0,0,0,0,0,1,0,0,0,0,0,0,0,1,1},
  {0,0,0,0,0,0,0,0,0,0,1,0,0,0,0,0,0,0,1,1},
  {0,0,0,0,0,0,0,1,1,1,1,0,0,0,0,0,0,0,1,1},
  {0,0,0,0,0,0,0,0,0,0,0,0,0,0,0,0,0,0,1,1},
  {0,0,0,0,0,0,0,0,0,0,0,0,0,0,0,0,0,0,1,1},
  {0,0,0,0,0,0,0,0,0,0,0,0,0,0,0,0,0,0,1,1},
  {0,0,0,0,0,0,0,0,0,0,0,0,0,0,0,0,0,0,1,1}
}
